LVL 1
2000
0 0 0 0 0 0 0 0 0 0
0 W W W W W W W W 0
0 W S 0 0 W 0 0 W 0
0 W 0 0 0 0 0 0 W 0
0 W W 0 0 0 0 W W 0
0 W 0 0 0 W 0 0 W 0
0 W 0 0 W W W 0 W 0
0 W 0 0 0 E 0 0 W 0
0 W W W W W W W W 0
0 0 0 0 0 0 0 0 0 0
LVL 2
5000
S 0 0 0 0 W 0 0 0
0 0 0 0 0 0 0 0 0
W 0 0 0 0 0 0 W W
W 0 0 0 W 0 0 0 W
W 0 0 0 0 0 0 0 W
W W 0 W 0 0 0 0 W
0 0 0 0 E 0 0 W 0
LVL 3
2000
0 0 0 W W W 0 0 0 W W 0 0
0 0 0 W E 0 0 0 0 0 0 W 0
0 0 0 W W W 0 0 0 W 0 W 0
0 W 0 0 0 0 W 0 0 0 0 W 0
0 0 0 0 0 0 0 0 0 0 0 W 0
0 0 0 0 0 W W W 0 0 0 0 0
0 0 0 0 0 0 0 0 W 0 0 0 0
0 0 0 0 W 0 S 0 0 0 0 0 W
W 0 0 0 0 0 0 0 W 0 0 0 0
0 0 0 0 W 0 W W 0 0 0 0 0
0 0 0 0 0 0 0 0 W 0 0 0 0
0 0 0 0 0 W 0 0 0 0 W 0 0
0 0 0 0 0 0 0 W 0 0 0 0 0
LVL 4
110000
0 0 0 0 0 0 W 0 0 0 0 0 0 0 W 0 0 0 0 0 0 0 0 0 0 0 0 0 0 0 0 0 0 0 0
0 0 0 0 0 0 0 0 0 0 0 0 0 0 W 0 0 0 0 0 0 0 0 0 0 0 0 0 0 0 0 0 0 0 0
0 W 0 0 0 W 0 0 W W W W 0 0 W 0 W 0 0 W W W 0 0 W 0 0 0 W 0 0 W W W 0
0 W W 0 W W 0 0 W 0 0 W 0 0 W 0 W 0 0 0 W 0 0 0 W W 0 W W 0 0 W 0 0 0
0 W 0 W 0 W 0 0 W W W W 0 0 0 W 0 0 0 0 W 0 0 0 W 0 W 0 W 0 0 W W 0 0
0 W 0 0 0 W 0 0 W 0 0 W 0 0 W 0 W 0 0 0 W 0 0 0 W 0 0 0 W 0 0 W 0 0 0
0 W 0 0 0 W 0 0 W 0 0 W 0 0 W 0 W 0 0 W W W 0 0 W 0 0 0 W 0 0 W W W 0
S 0 0 0 0 W 0 0 0 0 0 0 0 0 0 0 0 0 0 0 0 0 0 0 0 0 0 W 0 0 0 0 0 E W
0 0 0 0 0 W 0 0 0 0 0 0 0 0 0 W 0 0 0 0 0 0 0 0 0 0 0 W 0 0 0 0 0 0 W
0 0 0 W 0 0 0 W 0 0 W W W W 0 0 W W W 0 0 0 W W W 0 0 W W W W 0 0 0 0
0 0 0 W W 0 W W 0 0 W 0 0 W 0 0 W 0 0 W 0 0 0 W 0 0 0 W 0 0 W 0 0 0 0
0 0 0 W 0 W 0 W 0 0 W W W W 0 0 W W W 0 W W 0 W 0 0 0 W W W W 0 0 0 0
0 0 0 W 0 0 0 W 0 0 W 0 0 W 0 0 W 0 0 W 0 0 0 W 0 0 0 W 0 0 W 0 0 0 0
0 0 0 W 0 0 0 W 0 0 W 0 0 W 0 0 W 0 0 W 0 0 W W W 0 0 W 0 0 W 0 0 0 0
0 0 0 0 0 0 0 0 0 0 0 0 0 0 0 0 0 0 0 0 0 0 W 0 0 0 0 0 0 0 0 0 W 0 0
0 0 0 0 0 0 0 0 0 0 0 0 0 0 W W 0 0 0 0 0 0 W 0 0 W W 0 0 0 0 0 0 0 0
0 0 0 0 0 0 0 0 0 0 0 0 0 0 0 0 0 0 0 0 0 0 0 0 0 0 0 0 0 0 0 0 0 0 0
0 0 0 0 0 0 0 0 0 0 0 0 0 0 0 0 0 0 0 0 0 0 0 0 0 0 0 0 0 0 0 0 0 0 0
0 0 0 0 0 0 0 0 0 0 0 0 0 0 0 0 0 0 0 0 0 0 0 0 0 0 0 0 0 0 0 0 0 0 0
0 0 0 0 0 0 0 0 0 0 0 0 0 0 0 0 0 0 0 0 0 0 0 0 0 0 0 0 0 0 0 0 0 0 0
LVL 5
12000
0 0 0 0 0 0 W W W W W 0 0 0 0 0 0 0 0 0
0 0 0 0 0 0 0 0 0 0 0 0 0 0 0 0 W W 0 0
0 S 0 0 0 0 0 0 0 0 0 0 0 0 0 0 0 W 0 0
0 0 0 0 0 0 0 W W 0 0 0 W 0 0 0 0 W 0 0
W W 0 0 0 W W W W 0 0 0 W W 0 0 0 0 0 0
W W 0 0 0 W W 0 0 0 0 0 0 W 0 0 0 0 0 0
W W W 0 0 0 0 0 0 W W W 0 0 0 0 0 W W 0
0 0 0 0 0 0 0 0 0 W 0 0 0 0 0 0 0 W W 0
0 0 0 0 W W W 0 0 0 0 0 0 0 0 0 W W W 0
0 0 0 0 0 0 0 0 0 0 0 0 0 0 0 0 0 W W 0
W W W W 0 0 0 0 0 0 0 0 0 0 0 0 0 W W 0
W 0 0 0 0 0 W 0 0 0 0 0 0 0 0 0 0 0 0 0
0 0 W 0 0 0 0 0 0 0 0 0 0 W W 0 0 0 0 0
0 0 W 0 0 0 0 0 0 0 W 0 0 0 W 0 0 0 0 W
0 0 0 0 0 W 0 W 0 0 W 0 0 W W 0 0 0 0 W
0 W 0 0 0 W 0 W 0 W 0 0 0 0 W 0 0 0 0 W
0 W 0 0 0 W W W 0 0 0 0 0 0 0 0 0 0 0 0
0 W W 0 0 0 0 0 0 0 0 0 0 0 0 0 0 0 0 0
0 0 0 0 0 0 0 0 0 0 W W W W W W W 0 0 0
0 0 0 0 0 0 0 0 0 0 0 0 0 0 0 0 0 0 E 0
0 0 0 W W W W 0 0 0 0 0 0 0 0 0 0 0 0 0
LVL 6
12000
0 0 0 0 0 0 W 0 0 0 0 0
0 0 W 0 W 0 0 0 0 0 W 0
W 0 0 S W E 0 0 0 0 0 0
0 0 0 0 W 0 0 0 0 0 0 0
0 0 0 0 0 0 0 0 W 0 0 0
0 0 0 0 0 0 W 0 0 0 0 W
0 0 0 0 0 0 0 0 0 0 0 0
0 0 0 0 0 0 0 0 0 0 0 0
0 0 W 0 0 0 0 0 0 0 0 0
0 0 0 0 0 0 0 0 W 0 0 0
0 W 0 0 0 0 0 0 0 0 0 W
0 0 0 0 0 0 0 W 0 0 0 0
LVL 7
9999
S W W W W W W W W W W W W W W
W 0 0 0 0 0 0 0 0 0 0 0 0 0 W
W 0 0 0 0 0 0 0 0 0 0 0 0 0 W
W 0 0 0 0 0 0 0 0 0 0 0 0 0 W
W 0 W 0 0 0 W W W 0 W 0 0 0 W
W 0 W 0 0 0 W 0 W 0 W 0 0 0 W
W 0 W 0 0 0 W 0 W 0 W 0 0 0 W
W 0 W 0 0 0 W 0 W 0 W 0 0 0 W
W 0 W 0 0 0 W 0 W 0 W 0 0 0 W
W 0 W 0 0 0 W 0 W 0 W 0 0 0 W
W 0 W W W 0 W W W 0 W W W 0 W
W 0 0 0 0 0 0 0 0 0 0 0 0 0 W
W 0 0 0 0 0 0 0 0 0 0 0 0 0 W
W 0 0 0 0 0 0 0 0 0 0 0 0 0 W
W W W W W W W W W W W W W W E
LVL 8
